M=0.067;

% m1=0.05017+M
% dm1=0.00051
% k=49.7;
% dk=0.1;
% h=9.89;
% dh=0.02;

%  m2=0.08006+M
% dm2=0.00053
% k=49.7;
%  dk=0.1;
%  h=8.152;
%  dh=0.003;

 m1=0.01996+M
% dm1=0.00051;
% k=7.21;
% dk=0.05;
% h=1.86;
% dh=0.03;

m2=0.02989+M
% dm=0.00052;
% k=7.21;
% dk=0.05;
% h=1.7460;
% dh=0.0007;


% d=sqrt(((k/(m^2))^2)*(dm^2)+((1/m)^2)*((dk)^2));
% n=(abs((k/m)-h))/sqrt(d^2+dh^2)